OBJ String for Rotated Crescents 5:

v 0.309017 0.951057 0.000000
v -0.309017 0.951057 1.000000
v -0.500000 0.866025 0.000000
v -0.105309 0.629979 0.000000
v -0.913545 0.406737 1.000000
v 0.121565 0.229945 0.000000
v 0.121565 -0.229945 0.000000
v -0.913545 -0.406737 1.000000
v -0.105309 -0.629979 0.000000
v -0.309017 -0.951057 1.000000
v -0.500000 -0.866025 0.000000
v 0.309017 -0.951057 0.000000
v 0.500000 -0.866025 1.000000
v 0.105309 -0.629979 1.000000
v 0.913545 -0.406737 0.000000
v -0.121565 -0.229945 1.000000
v -0.121565 0.229945 1.000000
v 0.913545 0.406737 0.000000
v 0.105309 0.629979 1.000000
v 0.500000 0.866025 1.000000
f 1 2 3
f 3 2 4
f 4 2 5
f 4 5 6
f 6 5 7
f 7 5 8
f 7 8 9
f 9 8 10
f 9 10 11
f 11 10 12
f 12 10 13
f 12 13 14
f 12 14 15
f 15 14 16
f 15 16 17
f 15 17 18
f 18 17 19
f 18 19 20
f 18 20 2
f 18 2 1
l 1 20
l 1 3 4 6 7 9 11 12 15 18
l 20 19 17 16 14 13 10 8 5 2

