v 0.000000000000000000 0.000000000000000000 0.000000000000000000 0.000000000000000000 0.000000000000000000 0.000000000000000000
v 50.000000000000000000 0.000000000000000000 0.000000000000000000 50.000000000000000000 0.000000000000000000 0.000000000000000000
v 50.000000000000000000 50.000000000000000000 0.000000000000000000 50.000000000000000000 50.000000000000000000 0.000000000000000000
v 0.000000000000000000 50.000000000000000000 0.000000000000000000 0.000000000000000000 50.000000000000000000 0.000000000000000000
v 0.000000000000000000 0.000000000000000000 0.000000000000000000 0.000000000000000000 0.000000000000000000 0.000000000000000000
v 50.000000000000000000 0.000000000000000000 0.000000000000000000 50.000000000000000000 0.000000000000000000 0.000000000000000000
v 50.000000000000000000 50.000000000000000000 0.000000000000000000 50.000000000000000000 50.000000000000000000 0.000000000000000000
v 0.000000000000000000 50.000000000000000000 0.000000000000000000 0.000000000000000000 50.000000000000000000 0.000000000000000000
f 0 1 2 3
f 4 5 6 7
f 0 1 5 4
f 1 2 6 5
f 2 3 7 6
f 3 0 4 7
